username = tpkl28
graph = GCGraphA.txt with (|V|,|E|) = (128,3216)
colours-to-use = 40
algorithm = WO
associated parameters [n, num_cyc, N, b] = [128, 25, 800, 0.01]
conflicts = 14
elapsed time = 48.2
9,32,25,40,15,24,11,28,36,12,4,11,4,4,5,29,16,24,23,25,10,22,25,7,24,11,32,15,7,26,28,8,26,11,14,18,3,15,24,27,
30,13,1,24,10,33,6,1,23,26,3,3,8,30,13,1,16,13,32,11,25,28,35,27,9,3,7,14,34,33,20,21,40,37,21,6,34,17,22,2,
9,24,20,5,12,23,23,29,22,34,31,37,21,9,14,36,25,12,27,30,12,36,38,28,39,34,31,1,10,19,2,17,39,35,16,35,20,19,37,40,
2,17,13,2,21,5,38,18,
